torqueToRpmAccel = 30.000000
driveRatio = 10.000000
wheelDiameter = 0.666000
brakeDiameter = 0.450000
brakeStaticFrictionCoef = 3.000000
brakeKineticFrictionCoef = 2.600000
maxSteeringAngle = 20.000000
mass = 1500.000000
frontShaft = 0.000000,0.000000,0.000000
rearShaft = 1.000000,0.000000,0.000000
gearRatios = -1.000000,0.000000,1.400000,0.900000
throttleCurve = linear -0.000124 0.000062; 0.980556 0.991667
engineCurve = bezier -94.275475 61.218910; 191.123398 153.957504; 719.465210 201.789185; 1135.593018 201.680206; 1749.425049 201.519440; 9452.898438 201.305756; 10380.874023 200.619247; 11111.327148 200.078873; 11548.444336 151.714813; 11674.489258 -1.509762; 11703.558594 -36.848068; 11851.141602 -144.158035; 11984.037109 -287.700226
looseEngineRpmCurve = bezier -0.010551 107.156242; 0.171555 10783.845703; 0.528925 11425.757812; 0.932629 11470.402344
engineBrakeCurve = linear -12.777769 4.444417; 778.433350 19.545580; 3957.374756 34.688763; 7817.798340 49.183796
clutchCurve = linear 0.000926 9917.666016; 1.003704 9888.888672
brakeCurve = linear 0.000000 0.000000; 1.001289 8093.522949