torqueToRpmAccel = 4.002000
driveRatio = 0.920000
wheelDiameter = 0.500000
brakeDiameter = 0.220000
brakeStaticFrictionCoef = 0.200000
brakeKineticFrictionCoef = 0.000000
maxSteeringAngle = 32.250000
mass = 125.000000
frontShaft = 1.000000,2.050000,3.000000
rearShaft = 3.000000,2.000000,1.000000
gearRatios = -5.223000,0.200000,0.000000,-1.000000,6.320000
throttleCurve = linear 0.360000 0.000000; 1.000000 1.000000
engineCurve = linear 5.000000 50.500000
looseEngineRpmCurve = linear 0.000000 0.000000; 0.500000 -1.500000; 0.600000 3.000000; 5.000000 5.000000
engineBrakeCurve = linear 1.000000 1.000000
clutchCurve = bezier 0.000000 0.000000; 0.200000 0.800000; 0.500000 0.500000; 1.000000 0.900000
brakeCurve = bezier 0.000000 0.000000; 0.300000 0.900000; 0.600000 0.500000; 1.000000 0.900000; 1.500000 1.500000; 2.000000 2.000000; 5.000000 5.000000