torqueToRpmAccel = 80.000000
driveRatio = 4.294400
wheelDiameter = 1.243000
brakeDiameter = 0.600000
brakeStaticFrictionCoef = 2.500000
brakeKineticFrictionCoef = 1.800000
maxSteeringAngle = 20.000000
mass = 1000.000000
frontShaft = 0.000000,0.000000,0.000000
rearShaft = 1.000000,0.000000,0.000000
gearRatios = -2.500000,0.000000,3.800000,2.400000,1.200000,0.850000
throttleCurve = linear 0.000000 0.100000; 1.000000 1.000000
engineCurve = bezier -81.369934 1.026431; 414.281830 21.089050; 1063.045166 45.771049; 1442.755859 58.160000; 1979.407837 75.669525; 2704.067627 88.425575; 3676.119385 88.456200; 4275.813965 88.475090; 4638.327148 72.029701; 4798.726562 62.864040; 5074.416504 47.110382; 5470.503906 20.332886; 5631.168457 -3.141718
looseEngineRpmCurve = linear 0.071324 2247.906006; 0.999287 6160.127930
engineBrakeCurve = linear 19.444445 13.888888; 1011.462463 40.002598
clutchCurve = bezier -0.002778 292.886108; 0.000988 38.364029; -0.013383 25.619619; 0.087648 19.838934; 0.456917 -1.289404; 0.711984 0.113131; 1.000000 0.000000
brakeCurve = bezier 0.000000 0.000000; 0.367932 264.913361; 0.534878 1979.929810; 0.610540 3180.330811; 0.638365 3621.791016; 0.912682 8353.781250; 0.996079 9721.772461